47

1 10 63 79
2 3 67 49
3 85 90 23
4 19 2 64
5 71 7 62
6 79 6 99
7 87 45 65
8 34 22 69
9 16 64 29
10 66 90 95
11 61 27 22
12 79 97 31
13 5 97 24
14 73 51 55
15 16 78 93
16 43 15 87
17 100 47 63
18 33 80 65
19 15 17 33
20 52 79 63
21 4 67 78
22 31 12 66
23 50 67 69
24 47 49 64
25 25 71 33
26 34 75 80
27 69 10 46
28 34 60 52
29 74 70 51
30 48 60 49
31 79 6 33
32 69 83 84
33 95 85 71
34 22 71 20
35 93 81 27
36 95 8 28
37 69 67 96
38 69 24 60
39 87 83 41
40 63 15 44
41 53 59 98
42 24 22 38
43 26 46 26
44 49 0 48
45 58 43 57
46 49 72 47
47 67 28 35